1079 1041 22 170 176
1062 1029 21 159 197
1058 1027 22 155 205
1053 1021 22 155 207
1047 1012 22 161 200
1044 1006 22 163 199
1044 999 22 163 195
1044 993 21 161 197
1044 986 21 159 202
1044 980 21 158 200
1044 970 21 157 198
1044 962 22 159 199
1044 959 21 162 198
1044 959 22 161 198
1044 963 21 160 201
1044 984 22 167 192
1043 1016 22 166 189
1043 1031 21 151 206
1043 1037 22 151 203
1042 1039 22 173 184
1037 1049 22 166 184
1034 1058 22 163 186
1032 1066 21 179 171
1031 1066 22 170 179
1037 1029 22 156 201
1047 985 21 154 204
1052 959 22 158 195
1054 951 22 160 194
1057 957 22 159 199
1062 984 22 163 194
1063 1013 21 164 201
1063 1023 22 169 187
1062 1024 21 161 193
1060 1021 21 163 191
1056 1004 22 166 187
1051 978 22 164 194
1050 965 21 163 191
1049 964 22 159 199
1044 981 22 164 194
1041 996 23 162 194
1040 1000 21 161 197
1040 998 22 163 196
1039 981 22 158 197
1035 966 22 163 196
1031 956 22 161 198
1026 953 22 162 203
1021 951 21 158 204
1015 950 22 160 201
1007 948 22 157 203
997 946 22 158 205
984 945 22 166 195
973 943 22 154 205
963 942 22 152 205
958 942 22 157 198
950 942 21 159 207
947 942 22 160 201
946 941 22 164 198
943 940 22 155 207
931 940 22 158 205
921 940 22 149 214
913 939 22 143 223
911 938 22 141 233
910 938 22 151 221
909 938 22 148 226
908 938 22 159 210
907 938 22 146 223
904 945 21 154 222
902 955 22 147 227
902 959 21 153 216
902 960 22 153 219
904 960 22 151 221
905 960 22 151 221
906 960 22 149 223
905 959 22 153 218
901 959 23 153 222
894 959 22 158 214
881 965 22 149 235
866 979 22 155 240
860 985 20 156 218
859 987 21 164 199
859 989 20 147 219
859 991 20 142 224
859 992 20 170 190
859 994 20 152 199
858 995 20 139 217
857 996 20 130 239
857 997 19 144 222
857 997 20 132 232
856 998 20 135 223
855 999 20 138 231
849 1002 20 175 182
822 1016 22 156 231
799 1027 22 161 225
795 1029 21 160 227
795 1029 21 160 226
797 1029 21 153 230
807 1024 21 154 232
820 1016 22 154 228
832 1008 22 148 221
837 1004 22 139 233
840 1001 22 142 217
843 995 19 157 200
844 992 19 170 189
844 989 19 166 192
844 988 19 154 207
843 986 21 146 211
841 984 20 157 211
841 983 20 158 197
842 983 22 147 207
844 985 21 151 209
846 988 20 164 198
848 992 19 172 194
849 1000 19 152 216
851 1008 18 163 203
852 1015 19 171 191
853 1019 18 170 190
854 1022 18 164 200
857 1027 20 148 208
859 1033 20 152 208
862 1041 19 150 212
865 1048 20 155 203
869 1053 19 157 200
874 1059 17 164 193
883 1073 20 133 234
890 1083 21 162 205
895 1091 22 154 228
898 1097 21 151 234
902 1104 22 149 238
906 1111 22 161 224
909 1121 21 164 208
909 1129 20 160 187
910 1133 19 156 199
913 1137 21 174 170
915 1144 20 136 212
916 1146 22 115 239
916 1133 19 167 182
916 1112 21 154 225
916 1099 21 150 238
913 1089 22 158 227
909 1082 22 159 231
906 1077 21 160 226
904 1075 21 155 220
903 1074 21 156 226
903 1074 21 158 228
904 1081 21 138 225
906 1092 19 144 204
908 1104 20 158 187
910 1111 20 157 198
915 1121 22 188 163
920 1132 19 156 188
927 1146 19 160 199
931 1154 21 129 238
934 1158 22 113 227
938 1163 22 100 251
943 1168 23 134 207
949 1176 22 155 163
953 1183 22 166 160
958 1190 20 166 172
962 1194 20 177 161
966 1197 20 180 156
971 1202 20 186 141
974 1204 20 204 130
978 1207 21 206 131
981 1208 21 211 133
987 1209 21 202 130
994 1210 22 137 125
1001 1210 23 53 134
1007 1211 25 52 127
1018 1212 24 53 129
1022 1212 26 46 127
1028 1212 23 44 127
1032 1213 24 49 125
1039 1215 23 45 124
1044 1217 21 61 125
1048 1219 19 166 117
1054 1222 19 196 120
1055 1223 19 201 119
1057 1224 20 206 119
1059 1226 20 207 117
1059 1227 20 214 119
1059 1230 20 206 119
1050 1239 20 211 117
1040 1246 19 201 122
1033 1249 19 203 123
1031 1250 20 206 124
1025 1250 20 206 124
1020 1250 19 201 128
1015 1250 19 200 129
1012 1250 19 198 130
1006 1249 19 192 134
1000 1247 19 189 136
990 1245 20 186 144
976 1244 20 179 164
955 1241 20 166 194
942 1240 19 171 192
936 1239 20 163 204
934 1238 20 159 209
933 1238 20 165 196
930 1236 21 158 210
922 1234 19 153 218
915 1233 19 170 205
910 1232 19 161 214
906 1232 20 159 216
902 1232 20 165 213
892 1235 21 158 219
880 1244 19 168 214
867 1253 20 160 213
863 1255 20 165 209
863 1255 20 165 209
863 1255 20 169 208
863 1254 20 163 211
866 1230 21 157 222
875 1199 22 161 225
884 1178 22 141 233
890 1165 34 8 241
897 1153 33 11 241
906 1136 25 92 245
915 1117 21 146 239
929 1087 20 163 210
935 1069 23 150 247
937 1056 23 155 232
937 1051 23 161 230
932 1041 23 159 232
929 1029 22 160 228
923 1013 22 157 229
918 1006 23 155 232
911 998 22 154 233
906 994 22 157 231
899 989 22 160 234
895 985 22 161 229
890 981 22 158 232
886 977 21 164 221
883 970 21 159 228
880 963 22 162 238
879 955 22 160 231
880 943 21 167 220
886 935 22 157 221
891 929 22 154 228
896 923 22 149 226
902 917 21 153 225
908 912 22 153 219
917 906 22 165 203
925 902 22 161 207
933 898 22 155 212
946 892 22 155 203
955 889 22 156 201
962 887 22 157 203
965 886 22 157 201
967 886 22 157 203
969 886 22 156 204
974 886 22 156 204
983 892 22 158 197
988 896 22 159 199
993 901 22 156 204
996 906 22 157 200
1000 911 22 160 201
1002 914 22 157 201
1003 916 22 155 198
1004 919 23 157 197
1005 923 22 160 196
1006 928 22 163 194
1008 937 22 167 191
1010 945 22 160 196
1012 955 22 163 195
1012 955 22 164 194
YELLOW
1012 955 177 200 148
990 954 178 194 158
973 954 178 179 165
965 953 178 175 166
962 952 179 161 173
959 951 178 143 195
954 950 178 171 166
952 949 179 157 180
951 948 179 168 165
951 945 178 170 168
951 944 178 177 161
951 944 178 169 172
953 942 179 175 159
957 938 179 187 151
960 935 178 171 166
961 934 179 179 155
962 934 179 171 158
964 934 179 172 162
969 931 179 157 172
975 929 179 159 178
978 928 179 177 157
978 927 179 165 161
979 927 179 157 169
979 927 0 150 179
982 927 179 164 162
985 927 0 162 165
987 927 179 158 176
992 928 0 142 196
996 929 179 156 182
1003 930 1 157 180
1005 931 178 164 169
1006 931 178 162 173
1005 931 179 153 178
1003 930 179 162 172
998 927 179 154 181
991 925 178 169 169
985 924 178 168 173
982 923 178 192 154
981 923 178 186 155
980 923 178 189 154
978 923 179 179 158
972 923 178 142 199
965 923 0 134 202
963 923 179 134 200
962 923 179 134 202
961 923 179 138 201
954 925 178 149 187
947 928 178 164 169
940 934 178 169 166
934 940 179 161 169
932 944 178 179 157
931 946 178 157 177
929 952 177 189 154
925 964 177 174 167
919 974 178 162 176
912 987 178 174 170
908 995 178 184 168
901 1011 177 181 161
896 1022 178 174 173
894 1027 179 177 167
892 1030 177 186 171
887 1037 178 146 222
882 1047 177 186 191
875 1061 177 193 184
871 1070 177 162 222
868 1078 178 168 214
868 1083 177 179 198
867 1093 177 196 187
868 1104 177 164 227
873 1114 178 171 218
877 1122 178 163 220
880 1128 177 195 188
882 1137 176 184 206
885 1145 177 171 222
889 1152 175 224 180
891 1156 176 208 188
892 1159 178 156 230
894 1161 176 164 224
895 1163 177 176 212
898 1165 176 181 213
900 1168 178 171 201
905 1170 177 177 194
908 1173 179 143 220
912 1176 177 189 179
916 1182 177 180 177
919 1188 178 174 180
920 1202 177 171 185
919 1212 177 201 169
916 1217 177 227 155
915 1217 176 224 154
911 1219 176 182 186
907 1224 176 206 173
904 1228 178 180 200
902 1231 177 165 226
900 1231 177 180 207
899 1229 177 212 182
899 1232 177 166 218
894 1244 178 174 193
893 1258 177 185 183
893 1270 176 216 157
897 1277 178 146 187
902 1283 178 150 158
905 1286 179 153 152
908 1288 178 180 122
909 1289 178 180 119
913 1292 179 174 120
919 1294 179 197 115
925 1296 179 226 115
936 1300 178 227 118
947 1305 178 205 128
962 1312 178 186 145
972 1318 178 203 141
977 1321 177 209 139
980 1323 178 200 145
983 1324 179 195 148
987 1326 179 168 162
991 1329 179 169 161
991 1330 179 172 162
987 1331 179 188 148
974 1334 0 159 168
960 1338 0 143 169
958 1338 0 139 172
957 1338 0 144 174
955 1338 179 163 160
952 1338 1 169 157
952 1338 1 170 159
952 1339 0 160 159
952 1340 179 155 160
951 1341 0 151 162
951 1341 0 151 162
952 1338 0 134 175
954 1335 179 142 174
958 1332 179 171 158
965 1329 179 180 154
971 1327 179 175 159
976 1324 177 204 149
979 1323 179 180 157
981 1323 178 196 143
983 1322 178 193 144
983 1322 178 195 145
983 1321 178 173 158
982 1319 0 152 171
975 1315 0 151 172
969 1310 179 183 149
967 1308 178 167 160
962 1305 178 173 147
958 1303 179 196 133
954 1300 178 212 129
948 1299 179 209 127
938 1295 178 230 122
927 1292 178 229 117
913 1289 178 223 110
902 1288 178 191 115
899 1287 177 185 113
895 1287 177 188 111
887 1286 178 165 141
879 1285 177 189 135
869 1284 178 183 159
860 1283 0 94 255
845 1283 178 165 222
834 1283 178 161 230
823 1282 178 160 232
819 1280 178 168 224
815 1279 178 168 225
811 1277 178 172 225
795 1276 178 151 230
782 1274 177 176 212
778 1273 178 184 190
777 1272 178 178 185
775 1270 177 182 189
774 1267 178 187 180
772 1263 178 178 185
772 1254 178 154 227
772 1247 178 159 223
773 1242 179 145 231
778 1234 179 138 231
783 1229 179 146 222
787 1227 0 128 240
791 1224 179 138 235
793 1222 178 149 226
794 1221 179 144 230
796 1220 179 137 240
798 1217 179 151 232
804 1212 178 145 241
809 1207 177 157 229
814 1202 178 155 225
816 1200 179 139 245
816 1197 179 160 219
816 1190 178 152 225
817 1182 178 155 222
816 1166 177 177 215
810 1154 177 166 232
803 1146 178 154 234
800 1145 179 160 225
797 1144 178 145 241
794 1142 179 157 232
789 1139 177 162 230
784 1138 178 163 228
779 1136 177 151 234
771 1134 179 154 233
765 1134 178 169 213
759 1133 178 147 232
753 1133 179 156 222
745 1133 178 161 215
738 1133 178 148 224
734 1133 179 149 224
726 1138 179 153 220
722 1144 4 29 246
719 1170 4 29 245
717 1176 179 144 205
717 1178 179 148 207
717 1178 1 142 207
718 1180 179 141 214
721 1182 0 156 207
723 1183 1 146 209
729 1183 4 49 245
755 1179 1 129 180
765 1175 179 160 202
776 1167 178 159 205
783 1161 178 150 224
791 1155 179 143 235
797 1150 178 157 226
805 1144 179 158 228
816 1138 179 158 231
825 1133 177 163 241
834 1129 177 180 214
841 1128 179 157 229
844 1128 178 170 212
846 1128 177 190 203
848 1128 176 190 203
851 1130 177 184 208
854 1132 177 152 236
861 1139 178 182 202
868 1147 177 165 226
873 1153 176 190 197
875 1157 176 192 193
878 1163 177 163 214
882 1171 176 201 174
885 1177 177 190 188
889 1183 178 148 209
892 1188 177 198 165
894 1192 178 182 172
897 1195 178 176 172
898 1197 177 187 165
899 1197 178 184 168
900 1197 178 184 168
902 1197 178 169 183
905 1194 178 210 147
907 1193 177 173 178
907 1191 177 176 175
907 1189 178 186 173
907 1185 177 185 174
907 1180 177 176 183
907 1173 178 180 167
907 1165 178 189 169
907 1155 176 183 176
907 1150 178 178 169
907 1144 177 177 174
907 1135 178 164 183
907 1127 178 165 181
907 1117 178 197 159
907 1113 177 185 174
RED
907 1114 108 163 161
907 1129 108 184 137
907 1133 107 161 155
907 1138 109 179 144
908 1142 108 154 161
909 1148 110 171 127
911 1155 111 196 104
912 1163 108 179 118
912 1169 109 191 119
912 1179 108 169 125
912 1189 109 178 113
912 1200 108 191 108
914 1216 108 176 120
914 1228 110 205 97
916 1249 110 178 99
916 1260 109 183 99
916 1268 109 133 130
916 1272 109 192 93
916 1274 109 180 98
916 1274 109 178 103
916 1267 107 151 128
921 1240 109 144 113
926 1208 108 128 149
928 1195 108 145 132
930 1184 108 153 132
931 1180 109 193 99
931 1176 110 181 104
931 1170 111 168 112
931 1161 108 235 90
931 1158 108 169 125
931 1154 109 180 115
930 1151 109 169 122
928 1146 111 202 101
927 1141 110 179 117
925 1134 109 149 139
924 1131 110 209 95
922 1125 106 171 140
919 1118 110 192 113
916 1111 108 162 162
911 1105 108 143 184
905 1101 109 149 166
897 1096 110 124 197
891 1093 111 165 151
887 1089 109 148 169
881 1084 109 137 184
873 1079 107 132 209
864 1073 110 153 168
850 1066 108 177 151
835 1058 110 209 122
821 1052 109 162 157
801 1045 110 135 204
784 1040 110 245 106
765 1036 109 176 142
752 1035 110 177 127
744 1035 110 179 128
742 1035 109 173 134
739 1036 111 175 125
736 1038 111 230 100
732 1043 108 165 153
727 1050 109 153 170
722 1056 111 193 131
715 1066 110 120 199
710 1074 109 148 179
707 1081 111 139 183
703 1092 110 140 182
700 1100 111 137 175
698 1105 111 120 204
697 1109 110 128 195
694 1118 110 142 180
691 1130 110 121 221
689 1140 110 137 205
688 1145 110 155 184
687 1149 111 151 176
687 1154 111 118 226
686 1159 111 146 188
685 1164 109 141 201
685 1173 111 116 224
685 1178 111 139 183
685 1180 111 120 208
687 1181 110 124 197
694 1184 111 163 153
707 1188 111 157 148
728 1189 113 157 128
748 1189 112 160 129
770 1189 111 134 145
793 1189 110 160 121
807 1184 102 107 110
827 1176 33 11 227
843 1169 33 11 241
853 1163 109 28 200
863 1158 110 174 114
869 1154 110 147 132
879 1148 109 127 169
893 1141 110 215 102
902 1137 110 163 128
908 1136 110 191 112
910 1137 110 192 109
912 1155 110 189 108
912 1184 109 153 133
912 1218 109 243 86
912 1248 108 194 104
912 1269 107 174 113
914 1287 108 133 134
915 1307 109 168 100
915 1323 110 173 100
915 1339 108 153 103
913 1348 108 130 120
913 1352 109 137 119
913 1354 108 159 98
912 1354 110 162 101
911 1352 110 116 121
911 1327 109 175 102
917 1288 110 173 100
926 1244 108 143 130
930 1224 108 166 112
933 1209 108 130 131
936 1196 108 142 129
940 1185 107 181 114
944 1172 109 128 146
947 1161 110 121 143
947 1157 108 171 112
947 1151 108 192 110
947 1143 109 197 110
945 1131 107 212 100
943 1116 108 204 106
940 1104 111 198 108
934 1088 109 188 125
930 1079 108 146 177
926 1070 109 189 131
922 1063 109 159 173
920 1059 110 170 144
917 1054 109 196 139
915 1049 109 133 203
913 1043 110 149 180
911 1037 109 126 209
909 1032 110 152 175
908 1030 110 138 191
907 1029 109 144 182
906 1028 109 132 201
904 1027 110 120 219
900 1024 110 142 185
894 1021 109 166 152
890 1019 110 192 134
887 1017 109 164 151
886 1016 108 191 128
885 1015 108 173 146
884 1014 110 191 128
882 1013 110 151 160
877 1011 109 190 126
872 1008 110 194 121
867 1005 109 154 152
864 1003 109 195 119
860 1001 108 177 143
858 999 109 167 142
857 998 110 135 177
857 997 109 122 194
857 996 108 123 193
857 995 108 134 177
857 994 108 161 147
857 991 108 147 158
857 985 109 166 140
856 980 109 153 158
856 976 108 180 132
856 976 109 189 128
859 976 109 120 187
861 975 109 151 147
866 972 109 157 148
872 968 109 136 159
877 965 109 126 168
879 965 108 134 166
880 965 109 128 171
880 966 109 135 160
880 967 109 155 140
880 967 109 156 139
880 968 109 146 150
880 968 108 147 151
880 970 108 144 154
880 983 110 184 125
880 983 109 183 124
BLUE
878 983 50 111 149
849 983 50 137 125
813 983 50 145 109
799 983 52 147 109
793 985 51 135 119
792 985 51 118 147
791 986 53 120 130
789 987 52 114 141
784 992 51 140 109
775 1011 49 190 110
771 1031 50 171 121
771 1047 48 119 189
771 1052 48 113 207
771 1054 47 123 195
771 1054 48 148 150
771 1051 51 101 212
779 1033 49 134 143
787 1018 50 133 123
795 1003 49 158 95
797 998 50 141 107
800 994 51 149 103
802 990 53 134 110
807 984 51 115 133
810 980 51 131 128
812 978 51 130 122
813 977 52 128 141
818 977 53 102 158
828 974 50 102 162
835 973 51 104 174
841 972 52 102 178
847 972 50 103 181
856 972 50 93 187
861 972 48 98 193
869 972 52 116 152
873 972 52 95 177
877 972 52 111 158
885 971 50 126 142
890 971 50 107 160
896 970 51 133 113
900 968 48 168 103
905 967 49 165 116
908 966 50 115 169
909 965 51 110 162
907 963 51 145 128
895 961 50 120 166
887 960 49 126 162
880 960 52 133 142
877 960 50 144 143
872 960 53 173 102
867 960 53 149 115
863 960 50 132 133
859 960 50 148 129
852 960 53 122 151
844 960 50 132 145
837 960 51 129 160
831 960 51 149 125
825 961 52 144 131
820 964 51 123 164
811 970 49 143 137
802 979 53 80 192
792 988 49 131 125
781 997 53 122 127
766 1009 50 166 103
749 1023 50 121 165
733 1037 50 144 156
721 1044 49 130 204
709 1049 49 115 230
703 1051 46 187 142
697 1053 51 123 191
689 1056 51 139 180
680 1058 46 117 209
672 1061 50 99 230
666 1062 50 126 197
660 1064 47 101 240
656 1065 50 111 214
646 1069 50 120 224
640 1072 48 118 209
638 1074 50 102 228
637 1074 48 110 228
636 1075 49 108 224
629 1078 51 118 206
624 1081 47 122 196
623 1082 46 119 200
621 1084 47 109 212
617 1088 47 106 226
615 1091 44 132 193
614 1092 46 102 227
615 1092 51 105 219
616 1092 47 116 213
615 1094 47 103 218
612 1096 45 96 186
611 1098 42 83 200
610 1100 41 33 247
609 1101 42 25 255
609 1102 40 27 255
609 1102 44 20 250
609 1104 32 17 255
606 1110 38 21 247
604 1116 32 16 248
603 1118 40 18 254
602 1121 34 17 250
602 1121 37 17 250
605 1122 34 17 250
610 1124 33 22 249
619 1126 46 117 198
630 1129 50 117 207
644 1131 49 113 216
654 1132 49 114 220
665 1132 49 113 216
680 1132 48 104 232
699 1132 49 123 216
713 1132 48 125 187
732 1132 50 107 221
753 1132 49 173 125
769 1132 51 128 146
788 1131 48 148 117
814 1125 49 165 99
831 1118 49 136 111
848 1106 49 27 151
861 1096 36 33 183
873 1088 33 33 178
890 1082 39 32 185
902 1080 36 34 186
916 1079 30 32 167
921 1079 36 33 187
925 1093 36 34 195
926 1116 33 41 176
923 1147 30 41 166
919 1159 31 44 175
911 1177 41 119 103
905 1187 49 140 102
898 1196 47 153 100
895 1200 46 157 101
893 1200 45 164 92
883 1198 45 125 106
862 1183 31 42 157
848 1171 46 144 101
840 1161 47 131 111
832 1149 49 151 98
823 1140 49 157 99
816 1130 47 172 98
807 1116 49 141 112
801 1103 48 146 110
798 1095 48 177 92
793 1076 49 164 104
792 1067 50 157 101
791 1049 49 149 115
791 1037 49 176 90
795 1027 51 121 126
800 1023 50 170 90
806 1021 51 149 103
808 1021 49 108 127
810 1022 52 124 111
812 1042 49 120 125
813 1064 50 149 101
811 1079 48 146 101
805 1086 49 112 146
797 1093 52 149 111
791 1098 51 134 122
781 1105 51 138 126
774 1107 51 120 168
772 1107 51 113 178
768 1108 48 102 172
760 1110 48 137 151
755 1111 48 119 175
753 1111 48 129 150
749 1103 50 163 127
749 1089 49 152 138
753 1070 50 134 152
762 1058 51 127 147
773 1050 49 125 153
782 1047 48 207 85
787 1047 51 148 112
795 1059 52 139 101
806 1088 49 137 110
813 1117 48 136 109
817 1148 48 151 98
817 1167 48 163 91
817 1191 49 167 90
816 1197 47 136 118
GREEN
815 1197 8 195 123
798 1197 16 29 193
778 1197 15 40 213
767 1198 6 177 215
766 1198 6 178 216
761 1198 5 179 212
757 1198 6 183 204
754 1198 6 183 213
753 1198 5 182 212
753 1199 5 181 210
750 1200 5 181 210
746 1202 5 181 210
743 1205 6 181 207
739 1209 5 181 210
737 1212 5 180 211
733 1220 5 179 207
730 1228 5 183 202
728 1233 5 183 196
723 1247 6 187 185
721 1254 6 187 183
715 1272 5 186 167
709 1286 5 192 157
706 1297 5 197 153
704 1302 5 200 143
704 1302 5 200 145
704 1302 5 198 151
704 1296 5 197 154
704 1272 5 191 163
704 1231 5 191 160
704 1211 5 194 158
703 1201 5 195 157
702 1196 5 198 156
686 1196 5 198 151
671 1194 12 40 159
669 1194 18 39 157
669 1193 22 30 155
673 1183 24 22 159
680 1163 6 180 154
685 1136 5 192 158
686 1124 5 194 158
686 1120 5 194 158
684 1116 6 196 159
667 1108 6 186 171
652 1102 5 184 169
639 1098 5 176 171
631 1098 5 182 172
617 1098 5 186 173
611 1098 5 193 172
609 1098 5 192 175
608 1098 5 191 175
599 1100 6 196 173
595 1103 5 193 176
595 1103 5 193 176
606 1104 6 186 184
627 1104 5 191 160
653 1103 5 187 164
670 1102 5 197 154
683 1102 6 194 162
693 1102 5 192 162
705 1102 5 196 161
712 1102 5 204 155
717 1100 5 199 156
719 1096 5 196 161
720 1089 6 193 165
720 1080 6 198 165
718 1072 5 194 170
715 1066 5 190 177
710 1062 6 188 182
703 1057 6 184 188
698 1054 6 181 192
694 1049 5 183 191
691 1044 5 180 196
687 1033 6 180 198
685 1023 6 176 203
683 1017 6 175 206
681 1014 6 173 208
678 1012 6 173 208
667 1009 6 173 211
653 1007 5 168 208
628 1007 7 178 206
613 1007 6 172 208
606 1009 5 157 192
606 1009 4 142 185
606 1009 6 132 184
600 1009 7 128 210
584 1009 5 160 217
559 1014 6 172 224
545 1021 6 167 237
540 1024 6 168 239
540 1026 6 169 237
539 1029 6 171 240
539 1035 6 165 241
539 1045 6 166 232
539 1053 6 171 225
537 1068 6 175 220
535 1083 5 184 215
535 1098 5 176 220
535 1110 5 186 206
538 1123 5 175 221
537 1143 5 179 220
531 1156 5 180 218
524 1166 6 177 228
518 1172 6 175 236
513 1177 6 172 240
506 1184 6 165 246
502 1189 6 163 248
498 1193 6 167 245
495 1194 6 163 251
486 1194 6 162 248
479 1187 6 163 242
472 1172 6 162 241
471 1157 6 160 238
471 1149 6 163 242
471 1135 6 165 241
474 1125 6 166 242
480 1111 6 164 247
487 1099 6 164 247
495 1087 7 162 250
505 1075 7 159 252
521 1064 6 159 245
532 1060 5 158 249
545 1056 7 179 220
552 1056 6 173 223
566 1061 6 176 213
579 1076 6 172 206
584 1095 6 192 185
584 1115 6 192 178
583 1128 6 193 180
583 1142 5 188 186
583 1160 6 192 189
583 1179 5 189 196
582 1194 5 183 206
582 1198 5 185 200
582 1198 5 188 202
597 1198 5 182 200
620 1194 12 33 193
636 1188 20 31 180
639 1187 20 30 186
639 1187 5 178 203
638 1188 2 74 220
636 1190 8 40 213
635 1190 5 167 220
635 1190 6 175 220
635 1192 6 177 215
635 1193 6 137 194
637 1193 11 43 221
648 1183 12 35 210
661 1163 6 183 210
669 1150 5 179 212
672 1142 5 150 208
672 1138 16 27 198
673 1133 20 29 192
674 1126 23 27 188
677 1119 23 30 187
682 1104 20 27 186
685 1095 6 179 188
689 1091 6 190 185
692 1091 6 188 183
697 1091 5 189 182
701 1091 5 187 179
704 1091 6 191 176
712 1096 5 189 170
715 1101 6 192 166
718 1111 5 187 169
718 1126 5 189 167
718 1144 6 192 167
715 1153 6 198 162
709 1158 6 194 164
700 1164 5 189 167
686 1173 6 190 169
680 1177 5 187 184
673 1177 4 183 180
658 1163 6 49 196
653 1147 23 25 202
653 1147 22 23 202
656 1146 5 179 197
662 1143 6 205 162
670 1136 4 189 171
677 1132 5 187 172
685 1129 5 177 173
696 1128 6 197 168
705 1128 5 191 170
716 1128 5 171 179
722 1130 5 192 167
727 1133 6 200 163
729 1137 5 201 165
732 1142 6 197 163
734 1147 6 200 161
737 1153 5 203 156
739 1155 5 206 151
739 1156 5 206 151
742 1155 6 203 153
749 1144 5 207 150
757 1125 6 201 156
762 1108 5 199 159
764 1094 5 196 161
764 1088 5 198 160
764 1081 6 199 159
764 1077 6 193 160
762 1075 6 194 162
761 1074 5 187 166
759 1073 5 194 163
758 1073 5 194 163
755 1072 5 187 166
748 1072 5 192 165
743 1072 5 195 165
743 1073 5 194 166
743 1074 6 193 165
743 1075 6 193 165
745 1077 5 191 163
749 1078 6 192 163
761 1080 5 197 158
771 1080 6 202 155
783 1080 5 198 156
787 1080 5 200 152
789 1080 5 201 151
787 1079 5 201 151
785 1079 5 198 156
776 1076 6 196 159
766 1074 6 196 159
751 1071 6 194 162
744 1069 5 187 164
725 1066 6 190 169
710 1062 5 60 187
704 1057 15 23 178
704 1047 33 16 193
706 1031 33 16 192
715 1012 35 15 203
722 1001 6 180 180
730 990 5 183 184
736 985 5 185 185
741 982 5 179 187
747 981 5 180 181
758 981 5 179 185
763 982 5 178 186
767 987 5 187 172
768 993 5 188 174
769 997 5 187 172
772 1006 5 187 172
778 1017 5 186 167
784 1028 5 185 163
786 1038 5 193 156
787 1047 5 200 153
788 1061 5 194 155
788 1070 5 199 151
788 1085 5 194 158
790 1096 5 200 152
791 1099 5 202 149
792 1099 5 203 148
798 1083 5 201 151
804 1064 5 198 153
809 1032 5 191 155
809 1014 5 182 167
786 991 5 189 167
763 977 5 184 180
753 972 5 184 179
743 969 5 183 180
728 967 5 180 187
722 966 7 178 198
720 966 6 182 196
717 966 5 177 196
716 966 7 182 191
711 966 6 174 199
706 968 5 178 202
702 973 6 181 201
702 978 6 185 199
702 982 4 172 206
702 985 5 175 200
702 987 5 174 201
703 992 6 170 191
705 995 7 76 229
705 996 7 40 229
705 996 8 53 212
705 997 6 43 213
706 997 7 41 211
706 998 6 24 202
707 998 4 21 203
707 998 11 25 193
708 998 13 20 203
708 1002 18 13 192
710 1009 33 19 164
713 1017 20 16 190
714 1021 24 19 186
714 1022 17 18 194
714 1024 28 16 188
715 1029 28 20 187
716 1037 22 22 175
717 1043 17 26 177
719 1046 12 32 175
722 1047 9 26 185
732 1049 6 181 159
743 1049 6 189 169
749 1049 5 199 158
760 1046 6 193 165
765 1044 5 194 158
771 1040 5 183 169
774 1036 5 190 162
776 1030 5 186 162
777 1025 5 185 163
777 1019 5 197 154
776 1015 5 185 165
770 1007 5 183 167
766 1003 5 187 166
747 995 5 189 170
735 992 5 182 185
714 989 6 183 181
694 988 5 105 206
682 987 5 166 211
679 987 5 178 211
678 986 5 168 219
677 985 5 177 213
676 983 5 174 216
674 983 5 175 217
670 983 6 173 221
662 983 5 180 218
655 983 6 173 231
652 984 6 173 234
648 986 6 174 236
645 988 5 171 238
639 994 6 173 239
634 999 6 171 240
ORANGE
